4.00    20.68   0.16    0.06
3.80    20.65   0.15    0.06
3.60    20.56   0.15    0.06
3.40    20.44   0.14    0.06
3.20    20.31   0.14    0.06
3.00    20.15   0.13    0.06
2.90    19.89   0.10    0.06
2.80    19.81   0.10    0.06
2.70    19.70   0.10    0.06
2.60    19.61   0.09    0.06
2.50    19.54   0.09    0.06
2.40    19.44   0.09    0.06
2.30    19.32   0.09    0.06
2.20    19.21   0.08    0.06
2.10    19.12   0.08    0.06
2.00    19.02   0.08    0.06
1.90    18.88   0.08    0.06
1.80    18.80   0.07    0.06
1.70    18.70   0.07    0.06
1.60    18.61   0.07    0.06
1.50    18.48   0.07    0.06
1.40    18.38   0.07    0.06
1.30    18.26   0.06    0.06
1.20    18.17   0.06    0.06
1.10    18.04   0.06    0.06
1.00    17.91   0.04    0.06
0.92    17.82   0.03    0.06
0.84    17.70   0.03    0.06
0.76    17.60   0.03    0.06
0.68    17.47   0.03    0.06
0.60    17.31   0.03    0.06
0.52    17.11   0.03    0.06
0.44    16.80   0.02    0.06
0.40    16.61   0.02    0.05
0.380   16.10   0.015   0.05
0.340   15.85   0.014   0.05
0.320   15.60   0.014   0.05
0.300   15.28   0.013   0.05
0.290   15.05   0.010   0.05
0.280   14.85   0.010   0.05
0.270   14.60   0.010   0.05
0.260   14.35   0.009   0.05
0.250   14.04   0.009   0.05
0.240   13.65   0.009   0.05
0.230   13.27   0.009   0.05
0.220   12.80   0.008   0.05
0.210   12.30   0.008   0.05
0.200   11.70   0.008   0.05
0.190   11.07   0.008   0.05
0.180   10.30   0.007   0.05
0.170   9.49    0.007   0.04
0.160   8.62    0.007   0.04
0.150   7.75    0.007   0.04
0.140   6.75    0.007   0.04
0.130   5.76    0.006   0.04
0.120   4.87    0.006   0.04
0.110   4.07    0.006   0.04
0.100   3.27    0.004   0.03
0.092   2.68    0.003   0.03
0.084   2.13    0.003   0.03
0.076   1.68    0.003   0.03
0.068   1.29    0.003   0.03
0.060   0.96    0.003   0.03