4000    10.97    100
3800    10.92    100
3600    10.86   100
3400    10.8    100
3200    10.73   100
3000    10.62   50
2800    10.53  50
2600    10.46   50
2400    10.39   50
2200    10.32   50
2000    10.24   50
1800    10.14   50
1600    10.05   50
1400    9.97    50
1200    9.86    50
1000    9.75    20
800     9.62    20
600     9.49    20
520     9.41    20
440     9.34    20
400     9.27    10
360     9.22    10
320     9.15    10
280     8.99    10
240     8.63    10
200     7.77    10
180     7.08    10
160     5.97    10
140     4.81    10    