0.4   16.25   0   0
0.38 16.1    0   0
0.36 15.9    0   0
0.34 15.85   0   0
0.32 15.6    0   0
0.3   15.28   0   0
0.29 15.05   0   0
0.28 14.85   0   0
0.27 14.60   0   0
0.26 14.35   0   0
0.25 14.04   0   0
0.24 13.65   0   0
0.23 13.27   0   0
0.22 12.8    0   0
0.21 12.30   0   0
0.2   11.70   0   0
0.19 11.07   0   0
0.18 10.30   0   0
0.17 9.49    0   0
0.16 8.62    0   0
0.15 7.75    0   0
0.14 6.75    0   0
0.13 5.76    0   0
0.12 4.87    0   0
0.11 4.07    0   0
0.1   3.27    0   0
0.092    2.68    0   0
0.084    2.13    0   0
0.076    1.68    0   0
0.068    1.29    0   0
0.06 0.96    0   0